Evaluation-Run ID,UNIX Timestamp,Time Since Evaluation-Run Start,Disk Space Change Since Start,Disk Space Change Since Last Measurement,CPU Usage,Memory Usage,Network Received Since Start,Network Sent Since Start,Network Received Compared To Last Measurement,Network Sent Compared To Last Measurement,FLOps Project Stage
6,1722285854.8234427,0.8648161888122559,4.3984375,4.3984375,26.2,61.9,0.049414634704589844,0.07342338562011719,0.049414634704589844,0.07342338562011719,Evaluation-Run Start
6,1722285859.8260508,5.867424249649048,5.015625,0.6171875,22.0,62.6,2.410430908203125,2.180126190185547,2.361016273498535,2.1067028045654297,FL-Actors Image Build
6,1722285864.8300152,10.871388673782349,403.3046875,398.2890625,39.4,64.1,248.96596240997314,10.15577220916748,246.55553150177002,7.975646018981934,FL-Actors Image Build
6,1722285869.8340073,15.875380754470825,875.3828125,472.078125,24.6,64.1,505.91788387298584,19.329421043395996,256.9519214630127,9.173648834228516,FL-Actors Image Build
6,1722285874.8380375,20.879410982131958,1627.8046875,752.421875,33.3,63.4,762.0540990829468,27.593838691711426,256.13621520996094,8.26441764831543,FL-Actors Image Build
6,1722285879.8420029,25.883376359939575,1867.8671875,240.0625,19.8,62.1,1017.692964553833,35.61876583099365,255.63886547088623,8.024927139282227,FL-Actors Image Build
6,1722285884.846006,30.88737940788269,2107.89453125,240.02734375,18.3,61.4,1274.374490737915,43.72439670562744,256.68152618408203,8.105630874633789,FL-Actors Image Build
6,1722285889.8500147,35.891388177871704,2713.58203125,605.6875,26.8,61.4,1331.7702007293701,45.79136848449707,57.39570999145508,2.066971778869629,FL-Actors Image Build
6,1722285894.8540242,40.895397663116455,3767.59375,1054.01171875,37.2,61.8,1333.773772239685,46.19711685180664,2.0035715103149414,0.4057483673095703,FL-Actors Image Build
6,1722285899.8660107,45.907384157180786,4261.63671875,494.04296875,26.7,62.0,1334.1755809783936,46.579731941223145,0.4018087387084961,0.3826150894165039,FL-Actors Image Build
6,1722285904.8700125,50.911386013031006,4534.87109375,273.234375,27.3,63.0,1334.639370918274,47.02736282348633,0.4637899398803711,0.4476308822631836,FL-Actors Image Build
6,1722285909.8762116,55.917585134506226,4535.0078125,0.13671875,10.1,62.8,1335.0535650253296,47.41994285583496,0.41419410705566406,0.3925800323486328,FL-Actors Image Build
6,1722285914.882059,60.92343258857727,4535.60546875,0.59765625,12.9,62.4,1335.4221096038818,47.77865409851074,0.3685445785522461,0.35871124267578125,FL-Actors Image Build
6,1722285919.8900065,65.93138003349304,4742.09375,206.48828125,28.2,62.7,1558.3798208236694,484.30862522125244,222.9577112197876,436.5299711227417,FL-Actors Image Build
6,1722285924.8940125,70.9353859424591,5227.54296875,485.44921875,47.5,63.3,1818.1290874481201,998.1836786270142,259.7492666244507,513.8750534057617,FL-Actors Image Build
6,1722285929.8990018,75.94037532806396,5795.4140625,567.87109375,51.0,63.3,2080.6716346740723,1513.9044818878174,262.54254722595215,515.7208032608032,FL-Actors Image Build
6,1722285934.9028,80.94417357444763,6163.1953125,367.78125,42.4,63.4,2329.229669570923,2003.5782775878906,248.5580348968506,489.67379570007324,FL-Actors Image Build
6,1722285939.9060152,85.94738864898682,6814.71875,651.5234375,70.0,64.7,2491.58309841156,2326.0919075012207,162.3534288406372,322.5136299133301,FL-Actors Image Build
6,1722285944.9100137,90.95138716697693,7636.35546875,821.63671875,42.9,64.4,2493.120575904846,2327.792742729187,1.5374774932861328,1.7008352279663086,FL-Actors Image Build
6,1722285949.91401,95.95538353919983,8333.171875,696.81640625,34.8,63.2,2493.522300720215,2328.156975746155,0.40172481536865234,0.36423301696777344,FL-Actors Image Build
6,1722285954.918013,100.95938658714294,7700.57421875,-632.59765625,34.5,63.0,2494.768144607544,2329.3859119415283,1.2458438873291016,1.2289361953735352,FL-Actors Image Build
6,1722285959.9220154,105.96338891983032,7700.4453125,-0.12890625,20.3,64.1,2495.205183029175,2329.7849950790405,0.4370384216308594,0.39908313751220703,FL-Actors Image Build
6,1722285964.9260046,110.96737813949585,7700.515625,0.0703125,21.6,66.2,2495.5814352035522,2330.1289834976196,0.3762521743774414,0.34398841857910156,FL-Actors Image Build
6,1722285969.9300535,115.97142696380615,7699.95703125,-0.55859375,28.9,64.3,2496.050241470337,2330.5485095977783,0.46880626678466797,0.4195261001586914,FL-Actors Image Build
6,1722285974.9340217,120.97539520263672,8891.83984375,1191.8828125,49.6,63.8,2755.2124195098877,2590.178605079651,259.1621780395508,259.63009548187256,FL-Actors Image Build
6,1722285979.9380147,125.97938823699951,8790.11328125,-101.7265625,65.6,64.0,3211.7017192840576,3047.3187913894653,456.4892997741699,457.14018630981445,FL-Actors Image Build
6,1722285984.9424622,130.98383569717407,8929.79296875,139.6796875,45.3,64.7,3454.237295150757,3289.988835334778,242.53557586669922,242.6700439453125,FL-Actors Image Build
6,1722285989.946026,135.98739957809448,9548.2265625,618.43359375,29.3,64.4,3454.780040740967,3290.4928436279297,0.5427455902099609,0.5040082931518555,FL-Actors Image Build
6,1722285994.9506178,140.9919912815094,9978.62109375,430.39453125,51.3,64.0,3755.029601097107,3591.068452835083,300.24956035614014,300.5756092071533,FL-Actors Image Build
6,1722285999.9561963,145.99756979942322,10446.0703125,467.44921875,75.8,64.0,4701.6335372924805,4538.446207046509,946.6039361953735,947.3777542114258,FL-Actors Image Build
6,1722286004.962008,151.0033814907074,8812.828125,-1633.2421875,21.8,64.0,4747.3025579452515,4584.292701721191,45.669020652770996,45.84649467468262,FL-Actors Image Build
6,1722286009.968759,156.01013255119324,8812.91796875,0.08984375,22.1,64.8,4747.99936580658,4585.162034034729,0.696807861328125,0.8693323135375977,FL-Actors Image Build
6,1722286014.9740105,161.01538395881653,8813.0078125,0.08984375,21.2,65.9,4749.291645050049,4586.407525062561,1.2922792434692383,1.2454910278320312,FL-Actors Image Build
6,1722286019.9780214,166.01939487457275,8813.22265625,0.21484375,24.8,64.9,4749.994401931763,4587.297831535339,0.7027568817138672,0.8903064727783203,FL-Actors Image Build
6,1722286024.982036,171.02340960502625,8813.30078125,0.078125,18.8,65.2,4750.492409706116,4587.73818397522,0.49800777435302734,0.4403524398803711,FL-Actors Image Build
6,1722286029.9860063,176.02737975120544,8813.38671875,0.0859375,23.5,65.8,4750.986569404602,4588.167624473572,0.4941596984863281,0.4294404983520508,FL-Actors Image Build
6,1722286034.9900825,181.03145599365234,8813.5625,0.17578125,21.7,66.3,4751.406249046326,4588.555508613586,0.4196796417236328,0.38788414001464844,FL-Actors Image Build
6,1722286039.9941065,186.03548002243042,6833.35546875,-1980.20703125,50.1,65.0,5653.548903465271,3454.101180076599,902.1426544189453,-1134.4543285369873,FL-Actors Image Build
6,1722286044.999476,191.04084944725037,7701.6484375,868.29296875,59.7,64.0,5975.726753234863,3458.1020917892456,322.1778497695923,4.000911712646484,FL Training
6,1722286050.0060112,196.04738473892212,8668.15625,966.5078125,77.7,62.2,6235.642081260681,3465.835063934326,259.91532802581787,7.732972145080566,FL Training
6,1722286055.0118558,201.05322933197021,10383.35546875,1715.19921875,70.8,62.4,6290.286778450012,3467.8518295288086,54.644697189331055,2.016765594482422,FL Training
6,1722286060.0260081,206.0673816204071,11925.125,1541.76953125,71.5,63.4,6290.844717025757,3468.3915061950684,0.5579385757446289,0.5396766662597656,FL Training
6,1722286065.0300164,211.07138991355896,12952.50390625,1027.37890625,74.1,65.6,6292.950801849365,3470.189649581909,2.1060848236083984,1.7981433868408203,FL Training
6,1722286070.0358868,216.0772602558136,13677.19921875,724.6953125,58.6,65.5,6293.546778678894,3470.7101621627808,0.5959768295288086,0.520512580871582,FL Training
6,1722286075.042012,221.0833854675293,11256.69921875,-2420.5,68.8,66.1,6294.087018966675,3471.208073616028,0.5402402877807617,0.4979114532470703,FL Training
6,1722286080.046143,226.0875165462494,12331.10546875,1074.40625,62.2,65.3,6294.93424987793,3472.211319923401,0.8472309112548828,1.0032463073730469,FL Training
6,1722286085.0500147,231.09138822555542,13046.015625,714.91015625,60.9,65.5,6295.497507095337,3472.75079536438,0.5632572174072266,0.5394754409790039,FL Training
6,1722286090.0540204,236.0953938961029,11360.109375,-1685.90625,51.2,69.4,6364.597887992859,3541.5400009155273,69.10038089752197,68.78920555114746,FL Training
6,1722286095.0580034,241.09937691688538,11360.3984375,0.2890625,63.3,76.3,6368.550060272217,3544.9015798568726,3.95217227935791,3.361578941345215,FL Training
6,1722286100.0640802,246.10545372962952,11360.57421875,0.17578125,100.0,77.2,6369.688685417175,3546.092559814453,1.138625144958496,1.1909799575805664,FL Training
6,1722286105.0700064,251.11137986183167,11360.8046875,0.23046875,100.0,76.6,6371.421866416931,3547.9229221343994,1.7331809997558594,1.830362319946289,FL Training
6,1722286110.074136,256.1155095100403,11360.97265625,0.16796875,100.0,76.4,6372.063660621643,3548.521662712097,0.6417942047119141,0.5987405776977539,FL Training
6,1722286115.0780504,261.119423866272,11360.26171875,-0.7109375,76.2,73.4,6374.5094747543335,3550.9084968566895,2.4458141326904297,2.386834144592285,FL Training
6,1722286120.0820115,266.12338495254517,11360.45703125,0.1953125,79.4,75.7,6375.76457118988,3552.0738010406494,1.255096435546875,1.165304183959961,FL Training
6,1722286125.0860138,271.12738728523254,11360.61328125,0.15625,100.0,75.8,6376.429203033447,3552.695620536804,0.6646318435668945,0.6218194961547852,FL Training
6,1722286130.0900075,276.1313810348511,11360.78515625,0.171875,100.0,75.8,6377.263163566589,3553.425539970398,0.8339605331420898,0.72991943359375,FL Training
6,1722286135.0940456,281.1354191303253,11361.015625,0.23046875,84.0,73.2,6378.78173828125,3554.9296407699585,1.5185747146606445,1.5041007995605469,FL Training
6,1722286140.099112,286.1404855251312,11361.2109375,0.1953125,89.4,76.1,6380.082921028137,3556.1443061828613,1.301182746887207,1.214665412902832,FL Training
6,1722286145.102009,291.1433825492859,11361.3671875,0.15625,100.0,76.6,6380.926788330078,3556.8755798339844,0.843867301940918,0.7312736511230469,FL Training
6,1722286150.106037,296.14741039276123,11361.625,0.2578125,77.1,73.1,6382.437462806702,3558.352562904358,1.5106744766235352,1.4769830703735352,FL Training
6,1722286155.1104355,301.1518089771271,11394.76953125,33.14453125,27.2,71.9,6450.042201042175,3626.2591314315796,67.60473823547363,67.90656852722168,FL Training
6,1722286160.1132069,306.15458035469055,11394.8671875,0.09765625,14.9,71.9,6450.601686477661,3626.7427186965942,0.5594854354858398,0.48358726501464844,FL Training
6,1722286165.1220248,311.1633982658386,11395.16015625,0.29296875,10.4,71.7,6450.849645614624,3593.418481826782,0.24795913696289062,-33.32423686981201,Trained-Model Image Build
6,1722286170.126875,316.1682484149933,11361.69140625,-33.46875,8.0,69.1,6451.379452705383,3593.868076324463,0.5298070907592773,0.44959449768066406,Trained-Model Image Build
6,1722286175.1344411,321.1758146286011,11361.75390625,0.0625,12.7,68.7,6451.634907722473,3560.536138534546,0.25545501708984375,-33.33193778991699,Trained-Model Image Build
6,1722286180.139173,326.1805465221405,11328.52734375,-33.2265625,18.5,66.4,6452.190952301025,3561.0058126449585,0.5560445785522461,0.46967411041259766,Trained-Model Image Build
6,1722286185.1460648,331.187438249588,11338.91796875,10.390625,13.2,66.7,6464.4056005477905,3583.807643890381,12.214648246765137,22.801831245422363,Trained-Model Image Build
6,1722286190.1541104,336.1954839229584,11467.59375,128.67578125,17.3,67.3,6502.87593460083,3659.199848175049,38.47033405303955,75.39220428466797,Trained-Model Image Build
6,1722286195.1630769,341.2044503688812,11486.296875,18.703125,13.0,67.5,6513.041535377502,3678.3438444137573,10.165600776672363,19.143996238708496,Trained-Model Image Build
6,1722286200.1690917,346.2104651927948,11486.41015625,0.11328125,9.9,67.6,6513.69734954834,3678.9247303009033,0.6558141708374023,0.5808858871459961,Trained-Model Image Build
6,1722286205.1740088,351.2153823375702,11637.37890625,150.96875,19.0,67.9,6598.222641944885,3843.516646385193,84.52529239654541,164.59191608428955,Trained-Model Image Build
6,1722286210.178008,356.21938157081604,11851.64453125,214.265625,21.3,67.9,6598.883086204529,3844.0841674804688,0.6604442596435547,0.5675210952758789,Trained-Model Image Build
6,1722286215.182075,361.22344851493835,11790.7578125,-60.88671875,13.1,67.2,6599.453763961792,3844.605513572693,0.5706777572631836,0.5213460922241211,Trained-Model Image Build
6,1722286220.190068,366.23144149780273,11790.9140625,0.15625,12.9,67.5,6600.122902870178,3845.187801361084,0.6691389083862305,0.5822877883911133,Trained-Model Image Build
6,1722286225.1980119,371.2393853664398,11797.17578125,6.26171875,11.5,67.3,6602.973437309265,3849.9835386276245,2.850534439086914,4.795737266540527,Trained-Model Image Build
6,1722286230.204467,376.245840549469,11805.671875,8.49609375,11.5,67.5,6603.555830955505,3850.504782676697,0.5823936462402344,0.5212440490722656,Trained-Model Image Build
6,1722286235.210019,381.25139260292053,11933.94140625,128.26953125,13.6,67.7,6677.001806259155,3993.8583850860596,73.4459753036499,143.3536024093628,Trained-Model Image Build
6,1722286240.216461,386.2578344345093,12114.26953125,180.328125,15.8,67.9,6770.9539613723755,4177.5513706207275,93.95215511322021,183.69298553466797,Trained-Model Image Build
6,1722286245.222014,391.26338744163513,12234.57421875,120.3046875,15.6,68.0,6786.1181745529175,4206.619074821472,15.164213180541992,29.06770420074463,Trained-Model Image Build
6,1722286250.226036,396.2674095630646,12432.82421875,198.25,17.0,68.0,6786.822937011719,4207.210988998413,0.7047624588012695,0.591914176940918,Trained-Model Image Build
6,1722286255.2313652,401.27273869514465,12624.10546875,191.28125,19.3,68.2,6787.557263374329,4207.831443786621,0.7343263626098633,0.6204547882080078,Trained-Model Image Build
6,1722286260.2379735,406.2793469429016,12703.78515625,79.6796875,18.0,68.1,6788.179896354675,4208.412741661072,0.6226329803466797,0.5812978744506836,Trained-Model Image Build
6,1722286265.2420452,411.2834186553955,12644.19921875,-59.5859375,20.4,68.0,6788.959577560425,4209.116506576538,0.7796812057495117,0.7037649154663086,Trained-Model Image Build
6,1722286270.2480981,416.28947162628174,12643.81640625,-0.3828125,9.7,68.1,6789.582552909851,4209.675025939941,0.6229753494262695,0.5585193634033203,Trained-Model Image Build
6,1722286275.257105,421.29847860336304,12797.6953125,153.87890625,16.5,68.3,6873.189215660095,4372.683493614197,83.60666275024414,163.00846767425537,Trained-Model Image Build
6,1722286280.2632701,426.30464363098145,12936.35546875,138.66015625,17.5,68.4,6874.1341342926025,4373.699169158936,0.9449186325073242,1.0156755447387695,Trained-Model Image Build
6,1722286285.2660103,431.30738377571106,12860.41796875,-75.9375,18.8,68.5,6874.764614105225,4374.267521858215,0.6304798126220703,0.5683526992797852,Trained-Model Image Build
6,1722286290.2727633,436.31413674354553,12803.27734375,-57.140625,12.2,68.1,6875.529936790466,4374.920378684998,0.7653226852416992,0.6528568267822266,Trained-Model Image Build
6,1722286295.280322,441.32169556617737,12761.40625,-41.87109375,14.0,66.9,6883.678488731384,4389.995309829712,8.148551940917969,15.074931144714355,Trained-Model Image Build
6,1722286300.2860448,446.32741832733154,13128.36328125,366.95703125,19.3,66.9,6884.327698707581,4390.584253311157,0.6492099761962891,0.5889434814453125,Trained-Model Image Build
6,1722286305.2940218,451.3353953361511,13488.10546875,359.7421875,24.5,67.2,6885.150115013123,4391.271045684814,0.8224163055419922,0.6867923736572266,Trained-Model Image Build
6,1722286310.2980378,456.3394112586975,13916.109375,428.00390625,20.1,67.0,6885.810694694519,4391.869855880737,0.6605796813964844,0.5988101959228516,Trained-Model Image Build
6,1722286315.3020868,461.3434603214264,14380.93359375,464.82421875,18.6,67.2,6886.589036941528,4392.522274017334,0.7783422470092773,0.6524181365966797,Trained-Model Image Build
6,1722286320.3060584,466.34743189811707,14966.08203125,585.1484375,18.5,67.1,6887.615400314331,4393.655874252319,1.0263633728027344,1.1336002349853516,Trained-Model Image Build
6,1722286325.3116884,471.35306191444397,16149.95703125,1183.875,32.3,67.3,6889.557320594788,4395.289056777954,1.941920280456543,1.6331825256347656,Trained-Model Image Build
6,1722286330.3180127,476.3593862056732,13249.0625,-2900.89453125,31.3,67.2,6948.415400505066,4454.072632789612,58.85807991027832,58.783576011657715,Trained-Model Image Build
6,1722286335.3241408,481.36551427841187,14376.37890625,1127.31640625,63.6,69.2,7633.524730682373,5139.681057929993,685.1093301773071,685.6084251403809,Trained-Model Image Build
6,1722286340.330054,486.37142753601074,12996.375,-1380.00390625,59.8,67.2,7511.3621644973755,5240.389164924622,-122.16256618499756,100.7081069946289,Trained-Model Image Build
6,1722286345.334014,491.37538743019104,12043.91796875,-952.45703125,23.8,67.5,7705.306778907776,5242.914901733398,193.9446144104004,2.5257368087768555,Trained-Model Image Build
6,1722286350.3380275,496.37940096855164,12914.578125,870.66015625,50.8,68.5,8755.63931274414,5243.561222076416,1050.3325338363647,0.6463203430175781,Deploy Trained-Model
6,1722286355.3420095,501.3833830356598,13652.265625,737.6875,41.6,68.1,8757.781018257141,5245.844951629639,2.1417055130004883,2.2837295532226562,Deploy Trained-Model
6,1722286360.346422,506.3877954483032,14001.421875,349.15625,48.8,70.6,8758.550337791443,5246.496960639954,0.7693195343017578,0.6520090103149414,Deploy Trained-Model
6,1722286365.3498974,511.3912708759308,14001.75390625,0.33203125,40.3,72.8,8760.145817756653,5248.276295661926,1.595479965209961,1.7793350219726562,Deploy Trained-Model
6,1722286370.3541076,516.3954811096191,14001.88671875,0.1328125,15.6,72.9,8760.921206474304,5248.927616119385,0.7753887176513672,0.6513204574584961,Deploy Trained-Model
6,1722286375.3620424,521.4034159183502,14002.00390625,0.1171875,12.1,73.1,8761.594602584839,5249.537568092346,0.673396110534668,0.6099519729614258,Deploy Trained-Model
6,1722286380.3665524,526.4079258441925,14002.203125,0.19921875,18.4,73.0,8763.945712089539,5251.773312568665,2.351109504699707,2.2357444763183594,Deploy Trained-Model
